{
  "cts": [
    "Abstract",
    "AudioText",
    "Emotional",
    "Factual",
    "ImageVisual",
    "Multimodal",
    "Narrative",
    "Novelty",
    "Reward",
    "Social",
    "Spatial",
    "TextVerbal",
    "ThreatSafety"
  ],
  "bert_rdm": [
    [
      0.0,
      0.7991322430221387,
      0.6276844324861663,
      0.600076178002432,
      0.7466569710588737,
      0.7226814358087017,
      0.6036348686701425,
      0.5204832469426656,
      0.5258560879138154,
      0.5729505434450581,
      0.5696449208968527,
      0.4235745789867569,
      0.614607134357561
    ],
    [
      0.7991322430221387,
      0.0,
      0.8791580162459337,
      0.8883137058300737,
      0.7556632687719402,
      0.7018247810414899,
      0.7612056736273454,
      0.8378663694301054,
      0.8514246979786139,
      0.9106406636121588,
      0.8336840218186251,
      0.7880931315340689,
      0.8268451617108175
    ],
    [
      0.6276844324861663,
      0.8791580162459337,
      0.0,
      0.7439262953797745,
      0.7905145542690085,
      0.7878801383020211,
      0.6011031283613346,
      0.7056666488229619,
      0.4990661645175418,
      0.5258838907979364,
      0.7672996837114421,
      0.6518546439504334,
      0.6989382226019657
    ],
    [
      0.600076178002432,
      0.8883137058300737,
      0.7439262953797745,
      1.1102230246251565e-16,
      0.7953725767315545,
      0.8004152805643616,
      0.7170775611986764,
      0.6818392711775,
      0.7088480837026211,
      0.7726297050877426,
      0.6796531153539429,
      0.5989800761730038,
      0.6514002080216851
    ],
    [
      0.7466569710588737,
      0.7556632687719402,
      0.7905145542690085,
      0.7953725767315545,
      0.0,
      0.6221035427062975,
      0.6217312947587982,
      0.7607729460744103,
      0.7633952643768027,
      0.859362001471925,
      0.7445971252467565,
      0.7037674042190518,
      0.7315563183425194
    ],
    [
      0.7226814358087017,
      0.7018247810414899,
      0.7878801383020211,
      0.8004152805643616,
      0.6221035427062975,
      0.0,
      0.6272123833522149,
      0.7576690760976699,
      0.7318564909750516,
      0.8261396752971604,
      0.745656276355933,
      0.682148970241804,
      0.7484813261152895
    ],
    [
      0.6036348686701425,
      0.7612056736273454,
      0.6011031283613346,
      0.7170775611986764,
      0.6217312947587982,
      0.6272123833522149,
      1.1102230246251565e-16,
      0.6714437299558957,
      0.506739779341165,
      0.6056983375577505,
      0.6990417036756671,
      0.5988930228846658,
      0.6287439860977841
    ],
    [
      0.5204832469426656,
      0.8378663694301054,
      0.7056666488229619,
      0.6818392711775,
      0.7607729460744103,
      0.7576690760976699,
      0.6714437299558957,
      0.0,
      0.6187270745818536,
      0.7264595129291929,
      0.6716048765905362,
      0.5157308887374741,
      0.6115643253138225
    ],
    [
      0.5258560879138154,
      0.8514246979786139,
      0.4990661645175418,
      0.7088480837026211,
      0.7633952643768027,
      0.7318564909750516,
      0.506739779341165,
      0.6187270745818536,
      2.220446049250313e-16,
      0.4305114369870757,
      0.685329059660102,
      0.551761455472424,
      0.6418909362221001
    ],
    [
      0.5729505434450581,
      0.9106406636121588,
      0.5258838907979364,
      0.7726297050877426,
      0.859362001471925,
      0.8261396752971604,
      0.6056983375577505,
      0.7264595129291929,
      0.4305114369870757,
      0.0,
      0.8358953573835688,
      0.6991615568599017,
      0.759561724195452
    ],
    [
      0.5696449208968527,
      0.8336840218186251,
      0.7672996837114421,
      0.6796531153539429,
      0.7445971252467565,
      0.745656276355933,
      0.6990417036756671,
      0.6716048765905362,
      0.685329059660102,
      0.8358953573835688,
      0.0,
      0.5257603687417834,
      0.6958720628300723
    ],
    [
      0.4235745789867569,
      0.7880931315340689,
      0.6518546439504334,
      0.5989800761730038,
      0.7037674042190518,
      0.682148970241804,
      0.5988930228846658,
      0.5157308887374741,
      0.551761455472424,
      0.6991615568599017,
      0.5257603687417834,
      1.1102230246251565e-16,
      0.49783426862407654
    ],
    [
      0.614607134357561,
      0.8268451617108175,
      0.6989382226019657,
      0.6514002080216851,
      0.7315563183425194,
      0.7484813261152895,
      0.6287439860977841,
      0.6115643253138225,
      0.6418909362221001,
      0.759561724195452,
      0.6958720628300723,
      0.49783426862407654,
      0.0
    ]
  ],
  "tribe_rdm": [
    [
      0.0,
      0.056910419363960324,
      0.10463344044482774,
      0.07560078939061585,
      0.014467617536627224,
      0.04525959586949355,
      0.08249535026414404,
      0.004476422126096386,
      0.02827271748598952,
      0.03891330974459281,
      0.05260920372694803,
      0.008564856028307356,
      0.018395743134239504
    ],
    [
      0.056910419363960324,
      0.0,
      0.04911527159671831,
      0.020732700610498502,
      0.06811102366718488,
      0.0154480432969736,
      0.027961881778712207,
      0.06105874071770141,
      0.08394269970372921,
      0.021734530898035506,
      0.10932699507213349,
      0.05989008342952591,
      0.07463101684714667
    ],
    [
      0.10463344044482774,
      0.04911527159671831,
      0.0,
      0.030265532174936667,
      0.11581916405304706,
      0.06177953276953212,
      0.022209341328361318,
      0.10861281798335454,
      0.1309669332766816,
      0.06671250294441758,
      0.15707744860103362,
      0.10744098344944022,
      0.12197152933439306
    ],
    [
      0.07560078939061585,
      0.020732700610498502,
      0.030265532174936667,
      0.0,
      0.0874884344826081,
      0.03475902646427548,
      0.011154982196280246,
      0.0797089596294038,
      0.10270636620904984,
      0.037830454183979,
      0.12810731690028015,
      0.07879805598249064,
      0.09341349682151456
    ],
    [
      0.014467617536627224,
      0.06811102366718488,
      0.11581916405304706,
      0.0874884344826081,
      0.0,
      0.05525497862792609,
      0.09370050073595819,
      0.011365476020418864,
      0.016832002424901012,
      0.0512843420241941,
      0.042786086094001134,
      0.010709353285499977,
      0.009731794425481928
    ],
    [
      0.04525959586949355,
      0.0154480432969736,
      0.06177953276953212,
      0.03475902646427548,
      0.05525497862792609,
      0.0,
      0.04034066050735789,
      0.04914090992257049,
      0.07113265686675554,
      0.01845130663997238,
      0.09709434512994196,
      0.04745711850281723,
      0.062217440998704625
    ],
    [
      0.08249535026414404,
      0.027961881778712207,
      0.022209341328361318,
      0.011154982196280246,
      0.09370050073595819,
      0.04034066050735789,
      0.0,
      0.08645728916049528,
      0.10878441461134222,
      0.0447313244776833,
      0.13491984716153907,
      0.08531789587857118,
      0.09979321216150226
    ],
    [
      0.004476422126096386,
      0.06105874071770141,
      0.10861281798335454,
      0.0797089596294038,
      0.011365476020418864,
      0.04914090992257049,
      0.08645728916049528,
      0.0,
      0.02412989850209292,
      0.04298072752165626,
      0.04851831349102236,
      0.008328143271886317,
      0.014061115859285373
    ],
    [
      0.02827271748598952,
      0.08394269970372921,
      0.1309669332766816,
      0.10270636620904984,
      0.016832002424901012,
      0.07113265686675554,
      0.10878441461134222,
      0.02412989850209292,
      0.0,
      0.06595832648398092,
      0.028509396270568865,
      0.02472792559185414,
      0.011165912671615276
    ],
    [
      0.03891330974459281,
      0.021734530898035506,
      0.06671250294441758,
      0.037830454183979,
      0.0512843420241941,
      0.01845130663997238,
      0.0447313244776833,
      0.04298072752165626,
      0.06595832648398092,
      0.0,
      0.09107903908413442,
      0.04288284325881722,
      0.05651168180049728
    ],
    [
      0.05260920372694803,
      0.10932699507213349,
      0.15707744860103362,
      0.12810731690028015,
      0.042786086094001134,
      0.09709434512994196,
      0.13491984716153907,
      0.04851831349102236,
      0.028509396270568865,
      0.09107903908413442,
      0.0,
      0.051016169100524554,
      0.035398847657107095
    ],
    [
      0.008564856028307356,
      0.05989008342952591,
      0.10744098344944022,
      0.07879805598249064,
      0.010709353285499977,
      0.04745711850281723,
      0.08531789587857118,
      0.008328143271886317,
      0.02472792559185414,
      0.04288284325881722,
      0.051016169100524554,
      0.0,
      0.017252498726970933
    ],
    [
      0.018395743134239504,
      0.07463101684714667,
      0.12197152933439306,
      0.09341349682151456,
      0.009731794425481928,
      0.062217440998704625,
      0.09979321216150226,
      0.014061115859285373,
      0.011165912671615276,
      0.05651168180049728,
      0.035398847657107095,
      0.017252498726970933,
      0.0
    ]
  ],
  "mantel": {
    "r_pearson": 0.05470960880132909,
    "rho_spearman": 0.06698364926213025,
    "p_mantel": 0.3404
  }
}