{
  "content_types": [
    "Abstract",
    "AudioText",
    "Emotional",
    "Factual",
    "ImageVisual",
    "Multimodal",
    "Narrative",
    "Novelty",
    "Reward",
    "Social",
    "Spatial",
    "TextVerbal",
    "ThreatSafety"
  ],
  "matrix": [
    [
      0.0,
      -0.34926438580942354,
      -0.025578459482904367,
      -0.08576868095951984,
      -0.12226368914433813,
      0.2680952553198432,
      0.41704091874196647,
      -0.1730376304054182,
      0.07282420548775123,
      -0.21649108401665673,
      0.24072825814874704,
      -0.319203119581379,
      -0.38059574689871517
    ],
    [
      0.34926438580942354,
      0.0,
      0.30602689720907794,
      0.2482033133781043,
      0.23062197496216325,
      0.6202152999357716,
      0.7702241295491246,
      0.17915001052787308,
      0.42941061911067974,
      0.14049754193048328,
      0.5914148889585603,
      0.04922836204955009,
      -0.017647847566087137
    ],
    [
      0.025578459482904367,
      -0.30602689720907794,
      0.0,
      -0.05728911451207842,
      -0.09083919416828308,
      0.2789902926844839,
      0.42487530564941167,
      -0.13919806018146516,
      0.09496701883666941,
      -0.1811465070869692,
      0.2485540047265897,
      -0.2743236764140494,
      -0.3359054710484845
    ],
    [
      0.08576868095951984,
      -0.2482033133781043,
      0.05728911451207842,
      0.0,
      -0.030696510480460723,
      0.3404133243598865,
      0.4864561980517427,
      -0.07940342231105736,
      0.15588577264781167,
      -0.12010692755452572,
      0.3103773366758561,
      -0.21183926074584056,
      -0.27379931347810516
    ],
    [
      0.12226368914433813,
      -0.23062197496216325,
      0.09083919416828308,
      0.030696510480460723,
      0.0,
      0.3949570112602509,
      0.5447712189078066,
      -0.05153489956720001,
      0.1986490363502096,
      -0.0938964883903608,
      0.3681188275273309,
      -0.1954010660974754,
      -0.2584688084694808
    ],
    [
      -0.2680952553198432,
      -0.6202152999357716,
      -0.2789902926844839,
      -0.3404133243598865,
      -0.3949570112602509,
      0.0,
      0.14998790687474914,
      -0.4456008983137683,
      -0.20104150917375613,
      -0.4940815559801305,
      -0.02719262811604445,
      -0.6186857863298905,
      -0.6702867420572287
    ],
    [
      -0.41704091874196647,
      -0.7702241295491246,
      -0.42487530564941167,
      -0.4864561980517427,
      -0.5447712189078066,
      -0.14998790687474914,
      0.0,
      -0.5953462091292627,
      -0.35184794804076097,
      -0.6442729107288486,
      -0.17731249374004904,
      -0.7653282334603462,
      -0.8191222973588334
    ],
    [
      0.1730376304054182,
      -0.17915001052787308,
      0.13919806018146516,
      0.07940342231105736,
      0.05153489956720001,
      0.4456008983137683,
      0.5953462091292627,
      0.0,
      0.25033399936208234,
      -0.041614889619313394,
      0.4185744132914436,
      -0.14081008207023518,
      -0.20479270722847523
    ],
    [
      -0.07282420548775123,
      -0.42941061911067974,
      -0.09496701883666941,
      -0.15588577264781167,
      -0.1986490363502096,
      0.20104150917375613,
      0.35184794804076097,
      -0.25033399936208234,
      0.0,
      -0.2959452195475479,
      0.17454040251673808,
      -0.4121057124714298,
      -0.4690263709051857
    ],
    [
      0.21649108401665673,
      -0.14049754193048328,
      0.1811465070869692,
      0.12010692755452572,
      0.0938964883903608,
      0.4940815559801305,
      0.6442729107288486,
      0.041614889619313394,
      0.2959452195475479,
      0.0,
      0.46850295564010735,
      -0.09884429609019578,
      -0.1642982635641884
    ],
    [
      -0.24072825814874704,
      -0.5914148889585603,
      -0.2485540047265897,
      -0.3103773366758561,
      -0.3681188275273309,
      0.02719262811604445,
      0.17731249374004904,
      -0.4185744132914436,
      -0.17454040251673808,
      -0.46850295564010735,
      0.0,
      -0.6092649846900561,
      -0.6509454598618634
    ],
    [
      0.319203119581379,
      -0.04922836204955009,
      0.2743236764140494,
      0.21183926074584056,
      0.1954010660974754,
      0.6186857863298905,
      0.7653282334603462,
      0.14081008207023518,
      0.4121057124714298,
      0.09884429609019578,
      0.6092649846900561,
      0.0,
      -0.07166795844735106
    ],
    [
      0.38059574689871517,
      0.017647847566087137,
      0.3359054710484845,
      0.27379931347810516,
      0.2584688084694808,
      0.6702867420572287,
      0.8191222973588334,
      0.20479270722847523,
      0.4690263709051857,
      0.1642982635641884,
      0.6509454598618634,
      0.07166795844735106,
      0.0
    ]
  ]
}